Strike	Nominal	Expiry	Mat
0.01314894645966258	 2.0765	 0.5	 1.0
0.01314894645966258	 2.0590	 0.5	 1.5
0.01314894645966258	 1.7982	 0.5	 2.0
0.01314894645966258	 0.2436	 1.0	 2.0
0.01314894645966258	 2.0247	 1.0	 2.5
0.01314894645966258	 2.0078	 1.0	 3.0
0.01314894645966258	 1.9910	 1.0	 3.5
0.01314894645966258	 1.1394	 1.0	 4.0
0.01314894645966258	 0.8351	 1.5	 4.0
0.01314894645966258	 1.9581	 1.5	 4.5
0.01314894645966258	 1.9419	 1.5	 5.0
0.01314894645966258	 1.9259	 1.5	 5.5
0.01314894645966258	 0.1711	 1.5	 6.0
0.01314894645966258	 1.7389	 2.0	 6.0
0.01314894645966258	 1.8943	 2.0	 6.5
0.01314894645966258	 1.8788	 2.0	 7.0
0.01314894645966258	 0.7890	 2.0	 7.5
0.01314894645966258	 1.0745	 2.5	 7.5
0.01314894645966258	 1.8483	 2.5	 8.0
0.01314894645966258	 1.8333	 2.5	 8.5
0.01314894645966258	 1.0544	 2.5	 9.0
0.01314894645966258	 0.7640	 3.0	 9.0
0.01314894645966258	 1.8037	 3.0	 9.5
0.01314894645966258	 1.7891	 3.0	 10.0
0.01314894645966258	 1.0000	 3.0	 10.5
0.01314894645966258	 0.7747	 3.5	 10.5
0.01314894645966258	 1.7605	 3.5	 11.0
0.01314894645966258	 1.7464	 3.5	 11.5
0.01314894645966258	 0.6562	 3.5	 12.0
0.01314894645966258	 1.0763	 4.0	 12.0
0.01314894645966258	 1.7187	 4.0	 12.5
0.01314894645966258	 1.7050	 4.0	 13.0
0.01314894645966258	 0.0506	 4.0	 13.5
0.01314894645966258	 1.6410	 4.5	 13.5
0.01314894645966258	 1.6782	 4.5	 14.0
0.01314894645966258	 0.8737	 4.5	 14.5
0.01314894645966258	 0.7913	 5.0	 14.5
0.01314894645966258	 1.6519	 5.0	 15.0
0.01314894645966258	 1.4193	 5.0	 15.5
0.01314894645966258	 0.2197	 5.5	 15.5
0.01314894645966258	 1.6263	 5.5	 16.0
0.01314894645966258	 1.6136	 5.5	 16.5
0.01314894645966258	 0.0978	 5.5	 17.0
0.01314894645966258	 1.5034	 6.0	 17.0
0.01314894645966258	 1.5887	 6.0	 17.5
0.01314894645966258	 0.1835	 6.0	 18.0
0.01314894645966258	 1.3930	 6.5	 18.0
0.01314894645966258	 1.5644	 6.5	 18.5
0.01314894645966258	 0.0580	 6.5	 19.0
0.01314894645966258	 1.4945	 7.0	 19.0
0.01314894645966258	 1.2808	 7.0	 19.5
0.01314894645966258	 0.2598	 7.5	 19.5
0.01314894645966258	 1.5289	 7.5	 20.0
0.01314894645966258	 0.7649	 7.5	 20.5
0.01314894645966258	 0.7524	 8.0	 20.5
0.01314894645966258	 1.5059	 8.0	 21.0
0.01314894645966258	 0.0908	 8.0	 21.5
0.01314894645966258	 1.4038	 8.5	 21.5
0.01314894645966258	 0.7565	 8.5	 22.0
0.01314894645966258	 0.7269	 9.0	 22.0
0.01314894645966258	 1.2593	 9.0	 22.5
0.01314894645966258	 0.2130	 9.5	 22.5
0.01314894645966258	 1.4613	 9.5	 23.0
0.01314894645966258	 0.1512	 9.5	 23.5
0.01314894645966258	 1.2993	 10.0	 23.5
0.01314894645966258	 0.3781	 10.0	 24.0
0.01314894645966258	 1.0617	 10.5	 24.0
0.01314894645966258	 0.4792	 10.5	 24.5
0.01314894645966258	 0.9500	 11.0	 24.5
0.01314894645966258	 0.4649	 11.0	 25.0
0.01314894645966258	 0.9539	 11.5	 25.0
0.01314894645966258	 0.3450	 11.5	 25.5
0.01314894645966258	 1.0634	 12.0	 25.5
0.01314894645966258	 0.1285	 12.0	 26.0
0.01314894645966258	 1.0934	 12.5	 26.0
0.01314894645966258	 0.1762	 13.0	 26.0
0.01314894645966258	 0.8263	 13.0	 26.5
0.01314894645966258	 0.5616	 13.5	 26.5
0.01314894645966258	 0.3573	 13.5	 27.0
0.01314894645966258	 0.8420	 14.0	 27.0
0.01314894645966258	 0.1786	 14.5	 27.0
0.01314894645966258	 0.5926	 14.5	 27.5
0.01314894645966258	 0.7060	 15.0	 27.5
0.01314894645966258	 0.0695	 15.5	 27.5
0.01314894645966258	 0.5765	 15.5	 28.0
0.01314894645966258	 0.5908	 16.0	 28.0
0.01314894645966258	 0.1910	 16.5	 28.0
0.01314894645966258	 0.3490	 16.5	 28.5
0.01314894645966258	 0.4934	 17.0	 28.5
0.01314894645966258	 0.4505	 17.5	 28.5
0.01314894645966258	 0.0556	 18.0	 28.5
0.01314894645966258	 0.3556	 18.0	 29.0
0.01314894645966258	 0.3750	 18.5	 29.0
0.01314894645966258	 0.3418	 19.0	 29.0
0.01314894645966258	 0.2667	 19.5	 29.0
0.01314894645966258	 0.0446	 19.5	 29.5
0.01314894645966258	 0.2833	 20.0	 29.5
0.01314894645966258	 0.2576	 20.5	 29.5
0.01314894645966258	 0.2341	 21.0	 29.5
0.01314894645966258	 0.2125	 21.5	 29.5
0.01314894645966258	 0.1928	 22.0	 29.5
0.01314894645966258	 0.1047	 22.5	 29.5
0.01314894645966258	 0.0700	 22.5	 30.0
0.01314894645966258	 0.1581	 23.0	 30.0
0.01314894645966258	 0.1430	 23.5	 30.0
0.01314894645966258	 0.1291	 24.0	 30.0
0.01314894645966258	 0.1165	 24.5	 30.0
0.01314894645966258	 0.1049	 25.0	 30.0
0.01314894645966258	 0.0943	 25.5	 30.0
0.01314894645966258	 0.0847	 26.0	 30.0
0.01314894645966258	 0.0759	 26.5	 30.0
0.01314894645966258	 0.0679	 27.0	 30.0
0.01314894645966258	 0.0606	 27.5	 30.0
0.01314894645966258	 0.0540	 28.0	 30.0
0.01314894645966258	 0.0480	 28.5	 30.0
0.01314894645966258	 0.0425	 29.0	 30.0
0.01314894645966258	 0.0375	 29.5	 30.0
